            O2               N2               CO               H2            
WE        0.15800879E+04   0.23585180E+04   0.21698135E+04   0.44012100E+04   
WX        0.11898533E+02   0.14293500E+02   0.13288310E+02   0.12133000E+03   
WY        0.30488333E-01  -0.59294901E-02   0.10511000E-01   0.81200000E+00   
WZ        0.0E-04         -0.24000000E-03   0.57400001E-04   0.              
BE        0.14456077E+01   0.19982600E+01   0.19312809E+01   0.60851479E+02   
ALPHAE    0.15879232E-01   0.17303500E-01   0.17504411E-01   0.30622000E+01   
DE        0.48436250E-05   0.57740000E-05   0.61206300E-05   0.46941400E-01    
BETAE    -0.23200000E-08   0.15500000E-07  -0.11500000E-08  -0.27000001E-02    
GAME      0.33648000E-04  -0.31536099E-04   0.54870000E-06   0.57000000E-01    
DELTE     0.38000000E-09   0.               0.18000000E-09   0.40000000E-03
H0        0.28000000E-11   0.30000000E-11   0.54765001E-11   0.51480000E-04
HE        0.               0.18000000E-11  -0.17300000E-12  -0.50000000E-05   
RE        0.22890000E+01   0.20743101E+01   0.21322169E+01   0.14010000E+01   
GAM       0.47640000E+01   0.47640000E+01   0.47640000E+01   0.20920000E+01   
DGAMDR    0.74000000E+01   0.74000000E+01   0.93000000E+01   0.36600000E+01   
GNE       0.00000000E+01   0.60000000E+01   0.10000000E+01   0.10000000E+01   
GNO       0.10000000E+01   0.30000000E+01   0.10000000E+01   0.30000000E+01   
DFSPHI    0.50000000E-01   0.05             0.50000001E-01   0.10000000E+01   
AG        0.17350000E+01   0.11660000E+01   0.15500000E+01   0.85500000E+00   
CHINR     0.11450000E+02   0.85000000E+01   0.85000000E+01   0.85000000E+01   
AC1       0.25300000E-11   0.24158000E-11   0.24038100E-11   0.45500000E-11   
CMASS     0.32000000E+02   0.28013000E+02   0.28010000E+02   0.20160000E+01   
ANU4                                                         
ANU5                                                         

